1. 2'6/7
2. 0
3. 2
4. 7'6/7
5. 0
6. 0
7. 1'1/4
8. 1'2/3
9. 1
10. 12'12/49
11. 0
12. 18
13. 7'1/2
14. 0
15. 0
16. 3'3/4
17. 0
18. 100
19. 2'1/2
20. 3'3/4
21. 8'3/4
22. 0
23. 0
24. 11'7/18
25. 0
26. 5
27. 40
28. 6
29. 8
30. 25
31. 2'10/27
32. 0
33. 0
34. 0
35. 1'3/7
36. 8'4/7
37. 0
38. 4
39. 6'2/3
40. 10
41. 0
42. 13'1/3
43. 11'59/63
44. 7'1/2
45. 6/7
46. 0
47. 0
48. 6'2/3
49. 0
50. 0
51. 3'1/3
52. 0
53. 0
54. 114'2/7
55. 4'2/7
56. 0
57. 1/10
58. 0
59. 7'7/9
60. 0
61. 0
62. 0
63. 3'1/9
64. 0
65. 0
66. 33'1/3
67. 0
68. 4
69. 5
70. 2
71. 9'13/18
72. 0
73. 2'1/2
74. 50'5/14
75. 0
76. 1'3/7
77. 0
78. 2
79. 5
80. 0
81. 1'1/4
82. 4'2/7
83. 35'5/7
84. 22'2/9
85. 1'1/3
86. 2'2/9
87. 0
88. 8'3/14
89. 0
90. 3'1/3
91. 0
92. 0
93. 0
94. 6'11/14
95. 1'1/4
96. 0
97. 0
98. 4'4/9
99. 5'5/7
100. 0
